Sliding Window Attack Statistics
======================================================================
Attack: MIFGSM
Window size: 5
Epsilon: 0.03
Number of windows: 193

Window | Frames      | Target Value | Perturbation Norm
----------------------------------------------------------------------
     0 | [  0,   4] |     0.000000 |          0.000000
     1 | [  1,   5] |    -0.027269 |          0.000000
     2 | [  2,   6] |     0.000000 |          0.000000
     3 | [  3,   7] |     0.000000 |          0.000000
     4 | [  4,   8] |     0.066106 |          0.000000
     5 | [  5,   9] |     0.000000 |          0.000000
     6 | [  6,  10] |     0.000000 |          0.000000
     7 | [  7,  11] |     0.000000 |          0.000000
     8 | [  8,  12] |     0.000000 |          0.000000
     9 | [  9,  13] |     0.000000 |          0.000000
    10 | [ 10,  14] |    -0.006335 |          0.000000
    11 | [ 11,  15] |     0.000000 |          0.000000
    12 | [ 12,  16] |     0.000000 |          0.000000
    13 | [ 13,  17] |     0.000000 |          0.000000
    14 | [ 14,  18] |    -0.006363 |          0.000000
    15 | [ 15,  19] |     0.000000 |          0.000000
    16 | [ 16,  20] |     0.000000 |          0.000000
    17 | [ 17,  21] |     0.000000 |          0.000000
    18 | [ 18,  22] |     0.000000 |          0.000000
    19 | [ 19,  23] |     0.000000 |          0.000000
    20 | [ 20,  24] |     0.000000 |          0.000000
    21 | [ 21,  25] |     0.000000 |          0.000000
    22 | [ 22,  26] |     0.000000 |          0.000000
    23 | [ 23,  27] |     0.000000 |          0.000000
    24 | [ 24,  28] |     0.000000 |          0.000000
    25 | [ 25,  29] |     0.000000 |          0.000000
    26 | [ 26,  30] |     0.000000 |          0.000000
    27 | [ 27,  31] |     0.000000 |          0.000000
    28 | [ 28,  32] |     0.000000 |          0.000000
    29 | [ 29,  33] |     0.000000 |          0.000000
    30 | [ 30,  34] |     0.000000 |          0.000000
    31 | [ 31,  35] |     0.000000 |          0.000000
    32 | [ 32,  36] |     0.000000 |          0.000000
    33 | [ 33,  37] |     0.000000 |          0.000000
    34 | [ 34,  38] |     0.008920 |          0.000000
    35 | [ 35,  39] |     0.000000 |          0.000000
    36 | [ 36,  40] |    -0.002197 |          0.000000
    37 | [ 37,  41] |     0.000000 |          0.000000
    38 | [ 38,  42] |     0.000000 |          0.000000
    39 | [ 39,  43] |    -0.001993 |          0.000000
    40 | [ 40,  44] |    -0.055554 |          0.000000
    41 | [ 41,  45] |    -0.005273 |          0.000000
    42 | [ 42,  46] |     0.000000 |          0.000000
    43 | [ 43,  47] |     0.000000 |          0.000000
    44 | [ 44,  48] |     0.000000 |          0.000000
    45 | [ 45,  49] |     0.000000 |          0.000000
    46 | [ 46,  50] |     0.000000 |          0.000000
    47 | [ 47,  51] |     0.000000 |          0.000000
    48 | [ 48,  52] |     0.000000 |          0.000000
    49 | [ 49,  53] |     0.003589 |          0.000000
    50 | [ 50,  54] |     0.000000 |          0.000000
    51 | [ 51,  55] |    -0.006989 |          0.000000
    52 | [ 52,  56] |     0.000000 |          0.000000
    53 | [ 53,  57] |     0.003268 |          0.000000
    54 | [ 54,  58] |     0.000000 |          0.000000
    55 | [ 55,  59] |     0.000000 |          0.000000
    56 | [ 56,  60] |     0.000000 |          0.000000
    57 | [ 57,  61] |     0.000000 |          0.000000
    58 | [ 58,  62] |    -0.031769 |          0.000000
    59 | [ 59,  63] |     0.000000 |          0.000000
    60 | [ 60,  64] |     0.000000 |          0.000000
    61 | [ 61,  65] |     0.000000 |          0.000000
    62 | [ 62,  66] |     0.000000 |          0.000000
    63 | [ 63,  67] |     0.008690 |          0.000000
    64 | [ 64,  68] |     0.034294 |          5.336386
    65 | [ 65,  69] |     0.297343 |          6.128011
    66 | [ 66,  70] |     0.446507 |          5.950651
    67 | [ 67,  71] |     0.697891 |          5.906460
    68 | [ 68,  72] |     0.582890 |          5.893594
    69 | [ 69,  73] |     0.233209 |          5.898234
    70 | [ 70,  74] |     0.452545 |          6.006908
    71 | [ 71,  75] |     0.589507 |          5.925807
    72 | [ 72,  76] |     0.916245 |          5.882657
    73 | [ 73,  77] |     0.000000 |          5.890319
    74 | [ 74,  78] |     0.063100 |          5.869754
    75 | [ 75,  79] |     0.360881 |          6.131452
    76 | [ 76,  80] |    -0.063782 |          0.000000
    77 | [ 77,  81] |     0.000000 |          0.000000
    78 | [ 78,  82] |     0.000000 |          0.000000
    79 | [ 79,  83] |     0.000000 |          0.000000
    80 | [ 80,  84] |     0.037218 |          5.255426
    81 | [ 81,  85] |    -0.062019 |          0.000000
    82 | [ 82,  86] |     0.000000 |          0.000000
    83 | [ 83,  87] |     0.000000 |          0.000000
    84 | [ 84,  88] |    -0.001993 |          0.000000
    85 | [ 85,  89] |     0.000000 |          0.000000
    86 | [ 86,  90] |     0.000000 |          0.000000
    87 | [ 87,  91] |     0.065486 |          5.301344
    88 | [ 88,  92] |     0.117645 |          0.000000
    89 | [ 89,  93] |     0.009242 |          5.627791
    90 | [ 90,  94] |     0.235049 |          5.921056
    91 | [ 91,  95] |     0.513345 |          5.866403
    92 | [ 92,  96] |     0.604108 |          5.834479
    93 | [ 93,  97] |     0.889166 |          5.699458
    94 | [ 94,  98] |     0.473656 |          6.131565
    95 | [ 95,  99] |     1.163489 |          5.807443
    96 | [ 96, 100] |     0.782310 |          5.596206
    97 | [ 97, 101] |     0.000000 |          5.491311
    98 | [ 98, 102] |     0.116055 |          5.237901
    99 | [ 99, 103] |     0.000000 |          5.883686
   100 | [100, 104] |     0.032648 |          5.924127
   101 | [101, 105] |     0.389667 |          5.863724
   102 | [102, 106] |     0.562880 |          6.058187
   103 | [103, 107] |     0.000000 |          0.000000
   104 | [104, 108] |     0.000000 |          0.000000
   105 | [105, 109] |     0.000000 |          0.000000
   106 | [106, 110] |     0.062155 |          0.000000
   107 | [107, 111] |     0.017880 |          5.796938
   108 | [108, 112] |     0.000000 |          0.000000
   109 | [109, 113] |     0.060089 |          5.602834
   110 | [110, 114] |     0.013226 |          5.372400
   111 | [111, 115] |     0.465976 |          5.874212
   112 | [112, 116] |     0.488208 |          5.650196
   113 | [113, 117] |     0.471246 |          5.752659
   114 | [114, 118] |     0.433939 |          5.831623
   115 | [115, 119] |     0.118483 |          5.826700
   116 | [116, 120] |     0.257960 |          5.737195
   117 | [117, 121] |     0.329872 |          5.462496
   118 | [118, 122] |     0.516434 |          5.635525
   119 | [119, 123] |     0.524216 |          5.682503
   120 | [120, 124] |     0.550665 |          5.739967
   121 | [121, 125] |     0.091150 |          5.464105
   122 | [122, 126] |     0.401749 |          0.000000
   123 | [123, 127] |     0.010188 |          0.000000
   124 | [124, 128] |     0.077975 |          0.000000
   125 | [125, 129] |     0.000000 |          0.000000
   126 | [126, 130] |     0.026212 |          0.000000
   127 | [127, 131] |     0.000000 |          0.000000
   128 | [128, 132] |     0.000000 |          0.000000
   129 | [129, 133] |     0.018814 |          0.000000
   130 | [130, 134] |     0.000000 |          0.000000
   131 | [131, 135] |     0.000000 |          0.000000
   132 | [132, 136] |     0.000000 |          0.000000
   133 | [133, 137] |     0.000000 |          0.000000
   134 | [134, 138] |     0.000000 |          0.000000
   135 | [135, 139] |     0.000000 |          0.000000
   136 | [136, 140] |     0.000000 |          0.000000
   137 | [137, 141] |     0.000000 |          0.000000
   138 | [138, 142] |     0.000000 |          0.000000
   139 | [139, 143] |     0.000000 |          0.000000
   140 | [140, 144] |     0.000000 |          0.000000
   141 | [141, 145] |     0.000000 |          0.000000
   142 | [142, 146] |     0.000000 |          0.000000
   143 | [143, 147] |     0.073425 |          0.000000
   144 | [144, 148] |     0.022957 |          0.000000
   145 | [145, 149] |     0.033920 |          0.000000
   146 | [146, 150] |     0.000000 |          0.000000
   147 | [147, 151] |     0.000000 |          0.000000
   148 | [148, 152] |     0.000000 |          0.000000
   149 | [149, 153] |     0.000000 |          0.000000
   150 | [150, 154] |     0.000000 |          0.000000
   151 | [151, 155] |     0.000000 |          0.000000
   152 | [152, 156] |     0.000000 |          0.000000
   153 | [153, 157] |     0.000000 |          0.000000
   154 | [154, 158] |     0.000000 |          0.000000
   155 | [155, 159] |     0.000000 |          0.000000
   156 | [156, 160] |     0.000000 |          0.000000
   157 | [157, 161] |     0.000000 |          0.000000
   158 | [158, 162] |     0.008533 |          0.000000
   159 | [159, 163] |     0.011014 |          0.000000
   160 | [160, 164] |     0.000000 |          0.000000
   161 | [161, 165] |     0.000000 |          0.000000
   162 | [162, 166] |     0.000000 |          0.000000
   163 | [163, 167] |     0.000000 |          0.000000
   164 | [164, 168] |     0.000000 |          0.000000
   165 | [165, 169] |     0.000000 |          0.000000
   166 | [166, 170] |     0.000000 |          0.000000
   167 | [167, 171] |     0.000000 |          0.000000
   168 | [168, 172] |     0.000000 |          0.000000
   169 | [169, 173] |     0.000000 |          0.000000
   170 | [170, 174] |     0.000000 |          0.000000
   171 | [171, 175] |     0.000000 |          0.000000
   172 | [172, 176] |     0.000000 |          0.000000
   173 | [173, 177] |     0.000000 |          0.000000
   174 | [174, 178] |     0.000000 |          0.000000
   175 | [175, 179] |     0.000000 |          0.000000
   176 | [176, 180] |     0.000000 |          0.000000
   177 | [177, 181] |     0.000000 |          0.000000
   178 | [178, 182] |     0.000000 |          0.000000
   179 | [179, 183] |     0.000000 |          0.000000
   180 | [180, 184] |     0.000000 |          0.000000
   181 | [181, 185] |     0.000000 |          0.000000
   182 | [182, 186] |     0.000000 |          0.000000
   183 | [183, 187] |     0.008826 |          0.000000
   184 | [184, 188] |     0.000000 |          0.000000
   185 | [185, 189] |     0.000000 |          0.000000
   186 | [186, 190] |     0.000000 |          0.000000
   187 | [187, 191] |     0.000000 |          0.000000
   188 | [188, 192] |     0.000000 |          0.000000
   189 | [189, 193] |     0.000000 |          0.000000
   190 | [190, 194] |     0.000000 |          0.000000
   191 | [191, 195] |     0.000000 |          0.000000
   192 | [192, 196] |     0.000000 |          0.000000
