ImageName		GroundTruth		OriginalOutput		AdversarialOutput
10550.jpg	0.0			-2.288818359375e-05			0.00763702392578125
10551.jpg	0.045727626402251434			-2.288818359375e-05			0.00763702392578125
10552.jpg	0.0439822971502571			-2.288818359375e-05			0.00763702392578125
10553.jpg	0.040491638646268445			-2.288818359375e-05			0.00763702392578125
10554.jpg	0.03700098014227979			-2.288818359375e-05			0.00763702392578125
10555.jpg	0.035255650890285456			-2.288818359375e-05			0.00763702392578125
10556.jpg	0.035255650890285456			-2.288818359375e-05			0.00763702392578125
10557.jpg	0.03700098014227979			-2.288818359375e-05			0.00763702392578125
10558.jpg	0.03874630939427412			-2.288818359375e-05			0.00763702392578125
10559.jpg	0.03874630939427412			-2.288818359375e-05			0.00763702392578125
10560.jpg	0.040491638646268445			-2.288818359375e-05			0.00763702392578125
10561.jpg	0.040491638646268445			-2.288818359375e-05			0.00763702392578125
10562.jpg	0.040491638646268445			-2.288818359375e-05			0.00763702392578125
10563.jpg	0.040491638646268445			-2.288818359375e-05			0.00763702392578125
10564.jpg	0.03700098014227979			-2.288818359375e-05			0.00763702392578125
10565.jpg	0.033510321638291124			-2.288818359375e-05			0.00763702392578125
10566.jpg	0.0317649923862968			-2.288818359375e-05			0.00763702392578125
10567.jpg	0.0317649923862968			-2.288818359375e-05			0.00763702392578125
10568.jpg	0.0317649923862968			-2.288818359375e-05			0.00763702392578125
10569.jpg	0.029845130209103034			-2.288818359375e-05			0.00763702392578125
10570.jpg	0.021118483949131385			-2.288818359375e-05			0.00763702392578125
10571.jpg	0.0017453292519943296			-2.288818359375e-05			0.00763702392578125
10572.jpg	-0.021118483949131385			-2.288818359375e-05			0.00763702392578125
10573.jpg	-0.045727626402251434			-0.03142547607421875			0.00763702392578125
10574.jpg	-0.05986479334340551			-0.03142547607421875			0.00763702392578125
10575.jpg	-0.0651007810993885			-0.03142547607421875			0.00763702392578125
10576.jpg	-0.06859143960337716			-0.06371307373046875			0.00763702392578125
10577.jpg	-0.08098327729253689			-0.09476470947265625			0.00763702392578125
10578.jpg	-0.10035643198967394			-0.09476470947265625			0.00763702392578125
10579.jpg	-0.130201562198777			-0.09476470947265625			0.00763702392578125
10580.jpg	-0.18832102629018815			-0.09476470947265625			0.00763702392578125
10581.jpg	-0.23753931119642827			-0.09476470947265625			-0.07419586181640625
10582.jpg	-0.290248254606657			-0.14286041259765625			-0.13762664794921875
10583.jpg	-0.3274237676741363			-0.14286041259765625			-0.18012237548828125
10584.jpg	-0.3659955441432109			-0.21457672119140625			-0.18012237548828125
10585.jpg	-0.4082325120414737			-0.28427886962890625			-0.24462127685546875
10586.jpg	-0.43301618741979314			-0.31664276123046875			-0.24462127685546875
10587.jpg	-0.48397980157802756			-0.31664276123046875			-0.14446258544921875
10588.jpg	-0.5279620987282847			-0.31664276123046875			-0.14446258544921875
10589.jpg	-0.5878268920716901			-0.31664276123046875			-0.18230438232421875
10590.jpg	-0.6407103684071184			-0.31664276123046875			-0.21595001220703125
10591.jpg	-0.6846926655573754			-0.38988494873046875			-0.21595001220703125
10592.jpg	-0.7918558816298272			-0.42411041259765625			-0.41660308837890625
10593.jpg	-0.8518952078984322			-0.42411041259765625			-0.41660308837890625
10594.jpg	-0.9485864484589182			-0.42411041259765625			-0.41660308837890625
10595.jpg	-1.0119419003063124			-0.46724700927734375			-0.41660308837890625
10596.jpg	-1.0595893888857575			-0.5782699584960938			-0.41660308837890625
10597.jpg	-1.1281808284891346			-0.5782699584960938			-0.45180511474609375
10598.jpg	-1.179144442647369			-0.6128921508789062			-0.5349807739257812
10599.jpg	-1.2514010736799344			-0.7358169555664062			-0.5349807739257812
10600.jpg	-1.3182471840313172			-0.7358169555664062			-0.5679397583007812
10601.jpg	-1.4027211198278426			-0.7358169555664062			-0.6047592163085938
10602.jpg	-1.4660765716752369			-0.7672195434570312			-0.6047592163085938
10603.jpg	-1.5381586697826024			-0.8033981323242188			-0.7580184936523438
10604.jpg	-1.5751596499248823			-0.8033981323242188			-0.7580184936523438
10605.jpg	-1.620887276327134			-0.8033981323242188			-0.7580184936523438
10606.jpg	-1.7053612121236594			-0.8372116088867188			-0.7580184936523438
10607.jpg	-1.761735346963076			-0.8787460327148438			-0.8581771850585938
10608.jpg	-1.8303267865664534			-0.9910659790039062			-0.8981094360351562
10609.jpg	-1.8708184252127218			-0.9910659790039062			-0.8981094360351562
10610.jpg	-1.9167205845401725			-0.9910659790039062			-0.9302749633789062
10611.jpg	-1.9641935401944184			-0.9910659790039062			-0.9302749633789062
10612.jpg	-2.030865117620602			-0.9910659790039062			-0.9651107788085938
10613.jpg	-2.08374859395603			-0.9910659790039062			-1.0003890991210938
10614.jpg	-2.1436133872994354			-0.9910659790039062			-1.0003890991210938
10615.jpg	-2.1964968636348634			-0.9910659790039062			-1.0003890991210938
10616.jpg	-2.240479160785121			-0.9910659790039062			-1.0003890991210938
10617.jpg	-2.2792254701793953			-0.9910659790039062			-1.0003890991210938
10618.jpg	-2.3073252711365035			-1.1474075317382812			-1.0984573364257812
10619.jpg	-2.342580922026789			-1.1883010864257812			-1.1768417358398438
10620.jpg	-2.3900538776810345			-1.1883010864257812			-1.2123489379882812
10621.jpg	-2.4270548578233146			-1.1883010864257812			-1.3293380737304688
10622.jpg	-2.4623105087136			-1.3236618041992188			-1.3293380737304688
10623.jpg	-2.478018471981549			-1.3562545776367188			-1.3667984008789062
10624.jpg	-2.502627614434669			-1.3562545776367188			-1.4868545532226562
10625.jpg	-2.523920631309			-1.4964065551757812			-1.4868545532226562
10626.jpg	-2.5431192530809374			-1.5433425903320312			-1.5199813842773438
10627.jpg	-2.564237737030069			-1.5433425903320312			-1.5199813842773438
10628.jpg	-2.5766295747192283			-1.5802383422851562			-1.5505905151367188
10629.jpg	-2.5853562209792003			-1.5802383422851562			-1.5505905151367188
10630.jpg	-2.592512070912377			-1.6456832885742188			-1.5505905151367188
10631.jpg	-2.6012387171723486			-1.6456832885742188			-1.5505905151367188
10632.jpg	-2.6083945671055253			-1.6456832885742188			-1.5505905151367188
10633.jpg	-2.61013989635752			-1.6456832885742188			-1.5505905151367188
10634.jpg	-2.611885225609514			-1.6456832885742188			-1.5505905151367188
10635.jpg	-2.6136305548615084			-1.6456832885742188			-1.5505905151367188
10636.jpg	-2.6223572011214804			-1.6049118041992188			-1.5505905151367188
10637.jpg	-2.6364943680626345			-1.6049118041992188			-1.5505905151367188
10638.jpg	-2.645221014322606			-1.6049118041992188			-1.5505905151367188
10639.jpg	-2.6469663435746003			-1.6049118041992188			-1.5505905151367188
10640.jpg	-2.6469663435746003			-1.6446914672851562			-1.5505905151367188
10641.jpg	-2.6469663435746003			-1.6141891479492188			-1.5073776245117188
10642.jpg	-2.6506315350037886			-1.5791854858398438			-1.4682540893554688
10643.jpg	-2.6558675227597712			-1.5791854858398438			-1.5083236694335938
10644.jpg	-2.6628488397677486			-1.5791854858398438			-1.5083236694335938
10645.jpg	-2.6680848275237317			-1.5791854858398438			-1.5083236694335938
10646.jpg	-2.6680848275237317			-1.5791854858398438			-1.5083236694335938
10647.jpg	-2.6680848275237317			-1.5791854858398438			-1.5083236694335938
10648.jpg	-2.6680848275237317			-1.5791854858398438			-1.5083236694335938
10649.jpg	-2.6680848275237317			-1.5458145141601562			-1.5083236694335938
10650.jpg	-2.6680848275237317			-1.5458145141601562			-1.5083236694335938
10651.jpg	-2.657612852011766			-1.5458145141601562			-1.5083236694335938
10652.jpg	-2.645221014322606			-1.5458145141601562			-1.5083236694335938
10653.jpg	-2.6206118718694857			-1.4713668823242188			-1.4174880981445312
10654.jpg	-2.6012387171723486			-1.3262557983398438			-1.4174880981445312
10655.jpg	-2.581865562475212			-1.3262557983398438			-1.3550033569335938
10656.jpg	-2.5661575992072625			-1.3262557983398438			-1.3550033569335938
10657.jpg	-2.523920631309			-1.3262557983398438			-1.3550033569335938
10658.jpg	-2.490410309670709			-1.3262557983398438			-1.2865524291992188
10659.jpg	-2.453409329528429			-1.2930831909179688			-1.2865524291992188
10660.jpg	-2.430545516327303			-1.2593002319335938			-1.2227859497070312
10661.jpg	-2.4076817031261775			-1.1634902954101562			-1.1812362670898438
10662.jpg	-2.374171381487886			-1.1634902954101562			-1.1006240844726562
10663.jpg	-2.3266984258336407			-1.0722885131835938			-1.0647201538085938
10664.jpg	-2.3003439541285267			-1.0722885131835938			-1.0647201538085938
10665.jpg	-2.275734811675406			-0.9740676879882812			-1.0647201538085938
10666.jpg	-2.2141246890800064			-0.9740676879882812			-0.9928817749023438
10667.jpg	-2.1525145664846064			-0.9740676879882812			-0.9928817749023438
10668.jpg	-2.0767672769480527			-0.9740676879882812			-0.9288406372070312
10669.jpg	-2.0029398495886928			-0.9384384155273438			-0.9288406372070312
10670.jpg	-1.9184659137921671			-0.9384384155273438			-0.9288406372070312
10671.jpg	-1.8673277667087331			-0.9384384155273438			-0.9288406372070312
10672.jpg	-1.784599160164202			-0.9384384155273438			-0.9288406372070312
10673.jpg	-1.7388715337619502			-0.9384384155273438			-0.9288406372070312
10674.jpg	-1.7142623913088304			-1.0103836059570312			-0.9288406372070312
10675.jpg	-1.6948892366116934			-1.0103836059570312			-0.9288406372070312
10676.jpg	-1.6702800941585736			-0.9753036499023438			-0.8713912963867188
10677.jpg	-1.6526522687134306			-0.9359817504882812			-0.8713912963867188
10678.jpg	-1.6402604310242708			-0.9359817504882812			-0.8713912963867188
10679.jpg	-1.6280431262603108			-0.9359817504882812			-0.8713912963867188
10680.jpg	-1.6121606300671623			-0.9359817504882812			-0.8713912963867188
10681.jpg	-1.5892968168660366			-0.9359817504882812			-0.8713912963867188
10682.jpg	-1.5575318244797396			-0.9359817504882812			-0.8713912963867188
10683.jpg	-1.5329226820266197			-0.9359817504882812			-0.8321762084960938
10684.jpg	-1.480213738616391			-0.9359817504882812			-0.8321762084960938
10685.jpg	-1.4519394047340828			-0.9359817504882812			-0.8321762084960938
10686.jpg	-1.4027211198278426			-0.9359817504882812			-0.8321762084960938
10687.jpg	-1.3587388226775854			-0.8109359741210938			-0.8321762084960938
10688.jpg	-1.3023646878381687			-0.8109359741210938			-0.8321762084960938
10689.jpg	-1.254891732183923			-0.8109359741210938			-0.7977676391601562
10690.jpg	-1.2091641057816713			-0.8109359741210938			-0.7199935913085938
10691.jpg	-1.1580259586982375			-0.8109359741210938			-0.7199935913085938
10692.jpg	-1.1316714869931235			-0.7795486450195312			-0.7199935913085938
10693.jpg	-1.1000810275320259			-0.7795486450195312			-0.6875686645507812
10694.jpg	-1.0578440596337633			-0.6421890258789062			-0.6439285278320312
10695.jpg	-1.00338978697154			-0.6421890258789062			-0.5339431762695312
10696.jpg	-0.9855874286011979			-0.6088790893554688			-0.5339431762695312
10697.jpg	-0.9468411192069237			-0.6088790893554688			-0.5339431762695312
10698.jpg	-0.8906415172927065			-0.6088790893554688			-0.5339431762695312
10699.jpg	-0.8588765249064096			-0.6088790893554688			-0.5339431762695312
10700.jpg	-0.8253662032681184			-0.6088790893554688			-0.5339431762695312
10701.jpg	-0.7885397560510381			-0.6088790893554688			-0.39362335205078125
10702.jpg	-0.7426375967235872			-0.5343093872070312			-0.39362335205078125
10703.jpg	-0.7040658202545126			-0.5022201538085938			-0.39362335205078125
10704.jpg	-0.6600835231042554			-0.5022201538085938			-0.39362335205078125
10705.jpg	-0.6159266930287989			-0.46900177001953125			-0.39362335205078125
10706.jpg	-0.5719443958785418			-0.43848419189453125			-0.39362335205078125
10707.jpg	-0.5331980864842676			-0.43848419189453125			-0.39362335205078125
10708.jpg	-0.5016076270231703			-0.43848419189453125			-0.39362335205078125
10709.jpg	-0.46809730538487915			-0.43848419189453125			-0.39362335205078125
10710.jpg	-0.4541346713689245			-0.43848419189453125			-0.39362335205078125
10711.jpg	-0.4276056667386107			-0.43848419189453125			-0.39362335205078125
10712.jpg	-0.4012511950334963			-0.43848419189453125			-0.35538482666015625
10713.jpg	-0.3572688978832392			-0.43848419189453125			-0.35538482666015625
10714.jpg	-0.2991494337918281			-0.43848419189453125			-0.35538482666015625
10715.jpg	-0.24993114888558798			-0.43848419189453125			-0.35538482666015625
10716.jpg	-0.24120450262561632			-0.43848419189453125			-0.35538482666015625
10717.jpg	-0.23055799418845094			-0.43848419189453125			-0.35538482666015625
10718.jpg	-0.19879300180215415			-0.43848419189453125			-0.35538482666015625
10719.jpg	-0.16196655458507378			-0.34929656982421875			-0.35538482666015625
10720.jpg	-0.12496557444279399			-0.27378082275390625			-0.29256439208984375
10721.jpg	-0.09145525280450287			-0.27378082275390625			-0.29256439208984375
10722.jpg	-0.06684611035138281			-0.23361968994140625			-0.29256439208984375
10723.jpg	-0.024609142453120045			-0.20287322998046875			-0.20597076416015625
10724.jpg	0.0158824961931484			-0.20287322998046875			-0.16960906982421875
10725.jpg	0.05637413483941684			-0.20287322998046875			-0.16960906982421875
10726.jpg	0.08011061266653972			-0.20287322998046875			-0.16960906982421875
10727.jpg	0.1038470904936626			-0.03945159912109375			-0.16960906982421875
10728.jpg	0.1319468914507713			-0.0240325927734375			-0.16960906982421875
10729.jpg	0.1408480706359424			-0.0240325927734375			-0.10401153564453125
10730.jpg	0.1425933998879367			-0.0240325927734375			-0.10401153564453125
10731.jpg	0.14608405839192537			-0.0240325927734375			-0.07343292236328125
10732.jpg	0.15655603390389136			-0.0240325927734375			-0.07343292236328125
10733.jpg	0.16371188383706814			-0.0240325927734375			-0.07343292236328125
10734.jpg	0.17418385934903408			-0.0240325927734375			-0.02564239501953125
10735.jpg	0.1759291886010284			-0.0240325927734375			-0.02564239501953125
10736.jpg	0.1759291886010284			-0.0240325927734375			-0.02564239501953125
10737.jpg	0.17767451785302274			-0.0240325927734375			-0.02564239501953125
10738.jpg	0.1706932008450454			-0.0240325927734375			-0.02564239501953125
10739.jpg	0.16894787159305108			-0.0240325927734375			-0.02564239501953125
10740.jpg	0.16894787159305108			-0.0240325927734375			-0.02564239501953125
10741.jpg	0.16894787159305108			-0.0240325927734375			-0.02564239501953125
10742.jpg	0.16196655458507378			-0.0240325927734375			-0.02564239501953125
10743.jpg	0.1530653753999027			-0.0240325927734375			-0.02564239501953125
