ImageName		GroundTruth		OriginalOutput		AdversarialOutput
10550.jpg	0.0			-2.288818359375e-05			-2.288818359375e-05
10551.jpg	0.045727626402251434			-2.288818359375e-05			-2.288818359375e-05
10552.jpg	0.0439822971502571			-2.288818359375e-05			-2.288818359375e-05
10553.jpg	0.040491638646268445			-2.288818359375e-05			-2.288818359375e-05
10554.jpg	0.03700098014227979			-2.288818359375e-05			-2.288818359375e-05
10555.jpg	0.035255650890285456			-2.288818359375e-05			-2.288818359375e-05
10556.jpg	0.035255650890285456			-2.288818359375e-05			-2.288818359375e-05
10557.jpg	0.03700098014227979			-2.288818359375e-05			-2.288818359375e-05
10558.jpg	0.03874630939427412			-2.288818359375e-05			-2.288818359375e-05
10559.jpg	0.03874630939427412			-2.288818359375e-05			-2.288818359375e-05
10560.jpg	0.040491638646268445			-2.288818359375e-05			-2.288818359375e-05
10561.jpg	0.040491638646268445			-2.288818359375e-05			-2.288818359375e-05
10562.jpg	0.040491638646268445			-2.288818359375e-05			-2.288818359375e-05
10563.jpg	0.040491638646268445			-2.288818359375e-05			-2.288818359375e-05
10564.jpg	0.03700098014227979			-2.288818359375e-05			-2.288818359375e-05
10565.jpg	0.033510321638291124			-2.288818359375e-05			-2.288818359375e-05
10566.jpg	0.0317649923862968			-2.288818359375e-05			-2.288818359375e-05
10567.jpg	0.0317649923862968			-2.288818359375e-05			-2.288818359375e-05
10568.jpg	0.0317649923862968			-2.288818359375e-05			-2.288818359375e-05
10569.jpg	0.029845130209103034			-2.288818359375e-05			-2.288818359375e-05
10570.jpg	0.021118483949131385			-2.288818359375e-05			-2.288818359375e-05
10571.jpg	0.0017453292519943296			-2.288818359375e-05			-2.288818359375e-05
10572.jpg	-0.021118483949131385			-2.288818359375e-05			-2.288818359375e-05
10573.jpg	-0.045727626402251434			-0.03142547607421875			-2.288818359375e-05
10574.jpg	-0.05986479334340551			-0.03142547607421875			-0.06645965576171875
10575.jpg	-0.0651007810993885			-0.03142547607421875			-0.06645965576171875
10576.jpg	-0.06859143960337716			-0.06371307373046875			-0.06645965576171875
10577.jpg	-0.08098327729253689			-0.09476470947265625			-0.06645965576171875
10578.jpg	-0.10035643198967394			-0.09476470947265625			-0.06645965576171875
10579.jpg	-0.130201562198777			-0.09476470947265625			-0.06645965576171875
10580.jpg	-0.18832102629018815			-0.09476470947265625			-0.09925079345703125
10581.jpg	-0.23753931119642827			-0.09476470947265625			-0.09925079345703125
10582.jpg	-0.290248254606657			-0.14286041259765625			-0.09925079345703125
10583.jpg	-0.3274237676741363			-0.14286041259765625			-0.09925079345703125
10584.jpg	-0.3659955441432109			-0.21457672119140625			-0.26425933837890625
10585.jpg	-0.4082325120414737			-0.28427886962890625			-0.26425933837890625
10586.jpg	-0.43301618741979314			-0.31664276123046875			-0.26425933837890625
10587.jpg	-0.48397980157802756			-0.31664276123046875			-0.26425933837890625
10588.jpg	-0.5279620987282847			-0.31664276123046875			-0.26425933837890625
10589.jpg	-0.5878268920716901			-0.31664276123046875			-0.26425933837890625
10590.jpg	-0.6407103684071184			-0.31664276123046875			-0.26425933837890625
10591.jpg	-0.6846926655573754			-0.38988494873046875			-0.34903717041015625
10592.jpg	-0.7918558816298272			-0.42411041259765625			-0.37964630126953125
10593.jpg	-0.8518952078984322			-0.42411041259765625			-0.37964630126953125
10594.jpg	-0.9485864484589182			-0.42411041259765625			-0.37964630126953125
10595.jpg	-1.0119419003063124			-0.46724700927734375			-0.47107696533203125
10596.jpg	-1.0595893888857575			-0.5782699584960938			-0.5040969848632812
10597.jpg	-1.1281808284891346			-0.5782699584960938			-0.5440292358398438
10598.jpg	-1.179144442647369			-0.6128921508789062			-0.6268081665039062
10599.jpg	-1.2514010736799344			-0.7358169555664062			-0.6268081665039062
10600.jpg	-1.3182471840313172			-0.7358169555664062			-0.5948867797851562
10601.jpg	-1.4027211198278426			-0.7358169555664062			-0.5948867797851562
10602.jpg	-1.4660765716752369			-0.7672195434570312			-0.6282882690429688
10603.jpg	-1.5381586697826024			-0.8033981323242188			-0.8467941284179688
10604.jpg	-1.5751596499248823			-0.8033981323242188			-0.8467941284179688
10605.jpg	-1.620887276327134			-0.8033981323242188			-0.8467941284179688
10606.jpg	-1.7053612121236594			-0.8372116088867188			-0.8467941284179688
10607.jpg	-1.761735346963076			-0.8787460327148438			-0.8467941284179688
10608.jpg	-1.8303267865664534			-0.9910659790039062			-0.8467941284179688
10609.jpg	-1.8708184252127218			-0.9910659790039062			-0.9543991088867188
10610.jpg	-1.9167205845401725			-0.9910659790039062			-0.9543991088867188
10611.jpg	-1.9641935401944184			-0.9910659790039062			-0.9921646118164062
10612.jpg	-2.030865117620602			-0.9910659790039062			-0.9921646118164062
10613.jpg	-2.08374859395603			-0.9910659790039062			-0.9921646118164062
10614.jpg	-2.1436133872994354			-0.9910659790039062			-0.9921646118164062
10615.jpg	-2.1964968636348634			-0.9910659790039062			-0.9921646118164062
10616.jpg	-2.240479160785121			-0.9910659790039062			-1.0224685668945312
10617.jpg	-2.2792254701793953			-0.9910659790039062			-1.0366134643554688
10618.jpg	-2.3073252711365035			-1.1474075317382812			-0.9099960327148438
10619.jpg	-2.342580922026789			-1.1883010864257812			-0.9495315551757812
10620.jpg	-2.3900538776810345			-1.1883010864257812			-1.177398681640625
10621.jpg	-2.4270548578233146			-1.1883010864257812			-1.239013671875
10622.jpg	-2.4623105087136			-1.3236618041992188			-1.2748260498046875
10623.jpg	-2.478018471981549			-1.3562545776367188			-1.31195068359375
10624.jpg	-2.502627614434669			-1.3562545776367188			-1.5263519287109375
10625.jpg	-2.523920631309			-1.4964065551757812			-1.5263519287109375
10626.jpg	-2.5431192530809374			-1.5433425903320312			-1.5263519287109375
10627.jpg	-2.564237737030069			-1.5433425903320312			-1.5263519287109375
10628.jpg	-2.5766295747192283			-1.5802383422851562			-1.560211181640625
10629.jpg	-2.5853562209792003			-1.5802383422851562			-1.560211181640625
10630.jpg	-2.592512070912377			-1.6456832885742188			-1.560211181640625
10631.jpg	-2.6012387171723486			-1.6456832885742188			-1.560211181640625
10632.jpg	-2.6083945671055253			-1.6456832885742188			-1.560211181640625
10633.jpg	-2.61013989635752			-1.6456832885742188			-1.560211181640625
10634.jpg	-2.611885225609514			-1.6456832885742188			-1.560211181640625
10635.jpg	-2.6136305548615084			-1.6456832885742188			-1.560211181640625
10636.jpg	-2.6223572011214804			-1.6049118041992188			-1.560211181640625
10637.jpg	-2.6364943680626345			-1.6049118041992188			-1.5286865234375
10638.jpg	-2.645221014322606			-1.6049118041992188			-1.5286865234375
10639.jpg	-2.6469663435746003			-1.6049118041992188			-1.5618133544921875
10640.jpg	-2.6469663435746003			-1.6446914672851562			-1.5618133544921875
10641.jpg	-2.6469663435746003			-1.6141891479492188			-1.5618133544921875
10642.jpg	-2.6506315350037886			-1.5791854858398438			-1.482147216796875
10643.jpg	-2.6558675227597712			-1.5791854858398438			-1.44818115234375
10644.jpg	-2.6628488397677486			-1.5791854858398438			-1.4811248779296875
10645.jpg	-2.6680848275237317			-1.5791854858398438			-1.4811248779296875
10646.jpg	-2.6680848275237317			-1.5791854858398438			-1.4811248779296875
10647.jpg	-2.6680848275237317			-1.5791854858398438			-1.4811248779296875
10648.jpg	-2.6680848275237317			-1.5791854858398438			-1.4811248779296875
10649.jpg	-2.6680848275237317			-1.5458145141601562			-1.4811248779296875
10650.jpg	-2.6680848275237317			-1.5458145141601562			-1.439300537109375
10651.jpg	-2.657612852011766			-1.5458145141601562			-1.439300537109375
10652.jpg	-2.645221014322606			-1.5458145141601562			-1.439300537109375
10653.jpg	-2.6206118718694857			-1.4713668823242188			-1.3994293212890625
10654.jpg	-2.6012387171723486			-1.3262557983398438			-1.2835693359375
10655.jpg	-2.581865562475212			-1.3262557983398438			-1.2835693359375
10656.jpg	-2.5661575992072625			-1.3262557983398438			-1.2835693359375
10657.jpg	-2.523920631309			-1.3262557983398438			-1.2835693359375
10658.jpg	-2.490410309670709			-1.3262557983398438			-1.2835693359375
10659.jpg	-2.453409329528429			-1.2930831909179688			-1.24969482421875
10660.jpg	-2.430545516327303			-1.2593002319335938			-1.133270263671875
10661.jpg	-2.4076817031261775			-1.1634902954101562			-1.133270263671875
10662.jpg	-2.374171381487886			-1.1634902954101562			-1.133270263671875
10663.jpg	-2.3266984258336407			-1.0722885131835938			-1.0976104736328125
10664.jpg	-2.3003439541285267			-1.0722885131835938			-0.9798431396484375
10665.jpg	-2.275734811675406			-0.9740676879882812			-0.9798431396484375
10666.jpg	-2.2141246890800064			-0.9740676879882812			-0.9798431396484375
10667.jpg	-2.1525145664846064			-0.9740676879882812			-0.9798431396484375
10668.jpg	-2.0767672769480527			-0.9740676879882812			-0.94635009765625
10669.jpg	-2.0029398495886928			-0.9384384155273438			-0.94635009765625
10670.jpg	-1.9184659137921671			-0.9384384155273438			-0.9144134521484375
10671.jpg	-1.8673277667087331			-0.9384384155273438			-0.9144134521484375
10672.jpg	-1.784599160164202			-0.9384384155273438			-0.9144134521484375
10673.jpg	-1.7388715337619502			-0.9384384155273438			-0.9532470703125
10674.jpg	-1.7142623913088304			-1.0103836059570312			-0.9532470703125
10675.jpg	-1.6948892366116934			-1.0103836059570312			-0.9532470703125
10676.jpg	-1.6702800941585736			-0.9753036499023438			-0.908721923828125
10677.jpg	-1.6526522687134306			-0.9359817504882812			-0.873687744140625
10678.jpg	-1.6402604310242708			-0.9359817504882812			-0.873687744140625
10679.jpg	-1.6280431262603108			-0.9359817504882812			-0.873687744140625
10680.jpg	-1.6121606300671623			-0.9359817504882812			-0.873687744140625
10681.jpg	-1.5892968168660366			-0.9359817504882812			-0.8428955078125
10682.jpg	-1.5575318244797396			-0.9359817504882812			-0.8428955078125
10683.jpg	-1.5329226820266197			-0.9359817504882812			-0.808319091796875
10684.jpg	-1.480213738616391			-0.9359817504882812			-0.775543212890625
10685.jpg	-1.4519394047340828			-0.9359817504882812			-0.775543212890625
10686.jpg	-1.4027211198278426			-0.9359817504882812			-0.775543212890625
10687.jpg	-1.3587388226775854			-0.8109359741210938			-0.775543212890625
10688.jpg	-1.3023646878381687			-0.8109359741210938			-0.775543212890625
10689.jpg	-1.254891732183923			-0.8109359741210938			-0.775543212890625
10690.jpg	-1.2091641057816713			-0.8109359741210938			-0.742767333984375
10691.jpg	-1.1580259586982375			-0.8109359741210938			-0.742767333984375
10692.jpg	-1.1316714869931235			-0.7795486450195312			-0.7103424072265625
10693.jpg	-1.1000810275320259			-0.7795486450195312			-0.7103424072265625
10694.jpg	-1.0578440596337633			-0.6421890258789062			-0.6378326416015625
10695.jpg	-1.00338978697154			-0.6421890258789062			-0.6378326416015625
10696.jpg	-0.9855874286011979			-0.6088790893554688			-0.6378326416015625
10697.jpg	-0.9468411192069237			-0.6088790893554688			-0.5971832275390625
10698.jpg	-0.8906415172927065			-0.6088790893554688			-0.50927734375
10699.jpg	-0.8588765249064096			-0.6088790893554688			-0.50927734375
10700.jpg	-0.8253662032681184			-0.6088790893554688			-0.50927734375
10701.jpg	-0.7885397560510381			-0.6088790893554688			-0.50927734375
10702.jpg	-0.7426375967235872			-0.5343093872070312			-0.50927734375
10703.jpg	-0.7040658202545126			-0.5022201538085938			-0.460906982421875
10704.jpg	-0.6600835231042554			-0.5022201538085938			-0.4302978515625
10705.jpg	-0.6159266930287989			-0.46900177001953125			-0.4302978515625
10706.jpg	-0.5719443958785418			-0.43848419189453125			-0.4302978515625
10707.jpg	-0.5331980864842676			-0.43848419189453125			-0.4302978515625
10708.jpg	-0.5016076270231703			-0.43848419189453125			-0.44757843017578125
10709.jpg	-0.46809730538487915			-0.43848419189453125			-0.46955108642578125
10710.jpg	-0.4541346713689245			-0.43848419189453125			-0.43679046630859375
10711.jpg	-0.4276056667386107			-0.43848419189453125			-0.43679046630859375
10712.jpg	-0.4012511950334963			-0.43848419189453125			-0.20500946044921875
10713.jpg	-0.3572688978832392			-0.43848419189453125			-0.20500946044921875
10714.jpg	-0.2991494337918281			-0.43848419189453125			-0.20500946044921875
10715.jpg	-0.24993114888558798			-0.43848419189453125			-0.20500946044921875
10716.jpg	-0.24120450262561632			-0.43848419189453125			-0.20500946044921875
10717.jpg	-0.23055799418845094			-0.43848419189453125			-0.20500946044921875
10718.jpg	-0.19879300180215415			-0.43848419189453125			-0.17295074462890625
10719.jpg	-0.16196655458507378			-0.34929656982421875			-0.17295074462890625
10720.jpg	-0.12496557444279399			-0.27378082275390625			-0.11009979248046875
10721.jpg	-0.09145525280450287			-0.27378082275390625			-0.11009979248046875
10722.jpg	-0.06684611035138281			-0.23361968994140625			-0.11009979248046875
10723.jpg	-0.024609142453120045			-0.20287322998046875			-0.07898712158203125
10724.jpg	0.0158824961931484			-0.20287322998046875			-0.07898712158203125
10725.jpg	0.05637413483941684			-0.20287322998046875			-0.07898712158203125
10726.jpg	0.08011061266653972			-0.20287322998046875			-0.07898712158203125
10727.jpg	0.1038470904936626			-0.03945159912109375			-0.07898712158203125
10728.jpg	0.1319468914507713			-0.0240325927734375			-0.07898712158203125
10729.jpg	0.1408480706359424			-0.0240325927734375			-0.07898712158203125
10730.jpg	0.1425933998879367			-0.0240325927734375			-0.07898712158203125
10731.jpg	0.14608405839192537			-0.0240325927734375			-0.07898712158203125
10732.jpg	0.15655603390389136			-0.0240325927734375			-0.07898712158203125
10733.jpg	0.16371188383706814			-0.0240325927734375			-0.07898712158203125
10734.jpg	0.17418385934903408			-0.0240325927734375			-0.07898712158203125
10735.jpg	0.1759291886010284			-0.0240325927734375			-0.07898712158203125
10736.jpg	0.1759291886010284			-0.0240325927734375			-0.07898712158203125
10737.jpg	0.17767451785302274			-0.0240325927734375			-0.07898712158203125
10738.jpg	0.1706932008450454			-0.0240325927734375			-0.07898712158203125
10739.jpg	0.16894787159305108			-0.0240325927734375			-0.063751220703125
10740.jpg	0.16894787159305108			-0.0240325927734375			-0.063751220703125
10741.jpg	0.16894787159305108			-0.0240325927734375			-0.063751220703125
10742.jpg	0.16196655458507378			-0.0240325927734375			-0.063751220703125
10743.jpg	0.1530653753999027			-0.0240325927734375			-0.063751220703125
