Sliding Window Attack Statistics
======================================================================
Attack: FGSM
Window size: 5
Epsilon: 0.03
Number of windows: 193

Window | Frames      | Target Value | Perturbation Norm
----------------------------------------------------------------------
     0 | [  0,   4] |     0.000000 |          0.000000
     1 | [  1,   5] |     0.000000 |          0.000000
     2 | [  2,   6] |     0.000000 |          0.000000
     3 | [  3,   7] |     0.000000 |          0.000000
     4 | [  4,   8] |     0.000000 |          0.000000
     5 | [  5,   9] |     0.000000 |          0.000000
     6 | [  6,  10] |     0.000000 |          0.000000
     7 | [  7,  11] |     0.000000 |          0.000000
     8 | [  8,  12] |     0.000000 |          0.000000
     9 | [  9,  13] |     0.000000 |          0.000000
    10 | [ 10,  14] |    -0.002365 |          0.000000
    11 | [ 11,  15] |     0.000000 |          0.000000
    12 | [ 12,  16] |     0.000000 |          0.000000
    13 | [ 13,  17] |     0.000000 |          0.000000
    14 | [ 14,  18] |     0.003040 |          0.000000
    15 | [ 15,  19] |     0.000000 |          0.000000
    16 | [ 16,  20] |     0.000000 |          0.000000
    17 | [ 17,  21] |     0.000000 |          0.000000
    18 | [ 18,  22] |     0.000000 |          0.000000
    19 | [ 19,  23] |     0.000000 |          0.000000
    20 | [ 20,  24] |     0.000000 |          0.000000
    21 | [ 21,  25] |    -0.030377 |          0.000000
    22 | [ 22,  26] |    -0.005316 |          0.000000
    23 | [ 23,  27] |    -0.038507 |          0.000000
    24 | [ 24,  28] |    -0.012146 |          0.000000
    25 | [ 25,  29] |     0.016393 |          0.000000
    26 | [ 26,  30] |     0.060005 |          0.000000
    27 | [ 27,  31] |     0.024017 |          0.000000
    28 | [ 28,  32] |     0.022925 |          0.000000
    29 | [ 29,  33] |    -0.061584 |          0.000000
    30 | [ 30,  34] |    -0.014011 |          0.000000
    31 | [ 31,  35] |     0.000000 |          0.000000
    32 | [ 32,  36] |    -0.019740 |          0.000000
    33 | [ 33,  37] |    -0.027841 |          0.000000
    34 | [ 34,  38] |     0.000000 |          0.000000
    35 | [ 35,  39] |    -0.002109 |          0.000000
    36 | [ 36,  40] |     0.010803 |          0.000000
    37 | [ 37,  41] |     0.012466 |          0.000000
    38 | [ 38,  42] |     0.031290 |          0.000000
    39 | [ 39,  43] |     0.017743 |          0.000000
    40 | [ 40,  44] |    -0.127789 |          0.000000
    41 | [ 41,  45] |    -0.120514 |          0.000000
    42 | [ 42,  46] |    -0.200456 |          0.000000
    43 | [ 43,  47] |    -0.080885 |          0.000000
    44 | [ 44,  48] |    -0.036365 |          0.000000
    45 | [ 45,  49] |    -0.116641 |          6.636615
    46 | [ 46,  50] |    -0.121954 |          0.000000
    47 | [ 47,  51] |    -0.097940 |          0.000000
    48 | [ 48,  52] |    -0.068491 |          0.000000
    49 | [ 49,  53] |     0.049677 |          0.000000
    50 | [ 50,  54] |    -0.003008 |          0.000000
    51 | [ 51,  55] |     0.082787 |          0.000000
    52 | [ 52,  56] |    -0.048563 |          0.000000
    53 | [ 53,  57] |     0.005864 |          0.000000
    54 | [ 54,  58] |     0.055362 |          0.000000
    55 | [ 55,  59] |     0.119772 |          0.000000
    56 | [ 56,  60] |     0.075914 |          0.000000
    57 | [ 57,  61] |     0.007468 |          0.000000
    58 | [ 58,  62] |     0.119664 |          0.000000
    59 | [ 59,  63] |     0.217578 |          0.000000
    60 | [ 60,  64] |     0.245117 |          0.000000
    61 | [ 61,  65] |     0.055984 |          0.000000
    62 | [ 62,  66] |     0.072929 |          0.000000
    63 | [ 63,  67] |     0.030243 |          0.000000
    64 | [ 64,  68] |     0.121332 |          0.000000
    65 | [ 65,  69] |     0.289000 |          6.617625
    66 | [ 66,  70] |     0.255685 |          6.616642
    67 | [ 67,  71] |     0.143304 |          6.614481
    68 | [ 68,  72] |     0.334129 |          6.613842
    69 | [ 69,  73] |    -0.311624 |          6.613540
    70 | [ 70,  74] |    -0.435635 |          6.613592
    71 | [ 71,  75] |    -0.588287 |          6.612705
    72 | [ 72,  76] |    -0.583214 |          6.614005
    73 | [ 73,  77] |    -0.687465 |          6.612394
    74 | [ 74,  78] |    -0.747281 |          6.609134
    75 | [ 75,  79] |    -0.773126 |          6.609325
    76 | [ 76,  80] |    -0.669380 |          0.000000
    77 | [ 77,  81] |    -0.570598 |          0.000000
    78 | [ 78,  82] |    -0.574455 |          0.000000
    79 | [ 79,  83] |    -0.433655 |          0.000000
    80 | [ 80,  84] |    -0.141426 |          6.601918
    81 | [ 81,  85] |    -0.262697 |          0.000000
    82 | [ 82,  86] |    -0.041165 |          0.000000
    83 | [ 83,  87] |     0.008597 |          0.000000
    84 | [ 84,  88] |    -0.129181 |          0.000000
    85 | [ 85,  89] |     0.009680 |          0.000000
    86 | [ 86,  90] |     0.056816 |          0.000000
    87 | [ 87,  91] |     0.005138 |          6.557984
    88 | [ 88,  92] |     0.004303 |          0.000000
    89 | [ 89,  93] |     0.000000 |          0.000000
    90 | [ 90,  94] |     0.011938 |          6.536898
    91 | [ 91,  95] |     0.015346 |          6.528486
    92 | [ 92,  96] |     0.044626 |          6.526843
    93 | [ 93,  97] |     0.171240 |          6.530287
    94 | [ 94,  98] |     0.215019 |          6.540234
    95 | [ 95,  99] |     0.603148 |          0.000000
    96 | [ 96, 100] |     0.624760 |          6.579094
    97 | [ 97, 101] |     0.413435 |          6.598846
    98 | [ 98, 102] |     0.202870 |          6.609362
    99 | [ 99, 103] |    -0.005940 |          6.611555
   100 | [100, 104] |     0.120360 |          6.615875
   101 | [101, 105] |    -0.059454 |          6.615929
   102 | [102, 106] |    -0.153378 |          6.614927
   103 | [103, 107] |    -0.281557 |          6.613633
   104 | [104, 108] |    -0.228169 |          6.615604
   105 | [105, 109] |    -0.161813 |          0.000000
   106 | [106, 110] |    -0.065388 |          0.000000
   107 | [107, 111] |     0.052362 |          6.620418
   108 | [108, 112] |     0.090564 |          6.622281
   109 | [109, 113] |     0.156256 |          6.622689
   110 | [110, 114] |     0.046738 |          0.000000
   111 | [111, 115] |     0.029800 |          6.623700
   112 | [112, 116] |     0.221313 |          6.621889
   113 | [113, 117] |     0.022223 |          6.621659
   114 | [114, 118] |     0.042297 |          6.621344
   115 | [115, 119] |     0.083531 |          6.621135
   116 | [116, 120] |     0.102486 |          0.000000
   117 | [117, 121] |     0.055656 |          6.620401
   118 | [118, 122] |     0.034854 |          6.620288
   119 | [119, 123] |     0.044379 |          6.619201
   120 | [120, 124] |    -0.004221 |          6.619522
   121 | [121, 125] |     0.004587 |          0.000000
   122 | [122, 126] |     0.017538 |          0.000000
   123 | [123, 127] |    -0.022624 |          0.000000
   124 | [124, 128] |     0.089409 |          0.000000
   125 | [125, 129] |     0.059729 |          0.000000
   126 | [126, 130] |     0.045749 |          0.000000
   127 | [127, 131] |     0.000000 |          0.000000
   128 | [128, 132] |    -0.012863 |          0.000000
   129 | [129, 133] |     0.000000 |          0.000000
   130 | [130, 134] |    -0.014969 |          0.000000
   131 | [131, 135] |     0.000000 |          0.000000
   132 | [132, 136] |     0.000000 |          0.000000
   133 | [133, 137] |     0.000000 |          0.000000
   134 | [134, 138] |     0.059711 |          0.000000
   135 | [135, 139] |     0.024307 |          0.000000
   136 | [136, 140] |     0.000000 |          0.000000
   137 | [137, 141] |     0.000000 |          0.000000
   138 | [138, 142] |    -0.004175 |          0.000000
   139 | [139, 143] |    -0.012808 |          0.000000
   140 | [140, 144] |     0.024109 |          0.000000
   141 | [141, 145] |     0.050552 |          0.000000
   142 | [142, 146] |     0.000000 |          0.000000
   143 | [143, 147] |     0.006386 |          0.000000
   144 | [144, 148] |     0.102409 |          0.000000
   145 | [145, 149] |     0.048645 |          0.000000
   146 | [146, 150] |     0.042780 |          0.000000
   147 | [147, 151] |     0.102333 |          0.000000
   148 | [148, 152] |     0.143875 |          0.000000
   149 | [149, 153] |     0.038841 |          0.000000
   150 | [150, 154] |     0.000000 |          0.000000
   151 | [151, 155] |     0.072304 |          0.000000
   152 | [152, 156] |     0.060013 |          0.000000
   153 | [153, 157] |     0.039825 |          0.000000
   154 | [154, 158] |     0.105434 |          0.000000
   155 | [155, 159] |     0.151009 |          0.000000
   156 | [156, 160] |     0.033499 |          0.000000
   157 | [157, 161] |     0.093018 |          0.000000
   158 | [158, 162] |     0.197350 |          0.000000
   159 | [159, 163] |     0.152716 |          0.000000
   160 | [160, 164] |     0.203468 |          0.000000
   161 | [161, 165] |     0.208473 |          0.000000
   162 | [162, 166] |     0.270493 |          0.000000
   163 | [163, 167] |     0.079938 |          0.000000
   164 | [164, 168] |     0.009860 |          0.000000
   165 | [165, 169] |     0.031128 |          0.000000
   166 | [166, 170] |     0.000000 |          0.000000
   167 | [167, 171] |     0.000000 |          0.000000
   168 | [168, 172] |     0.000000 |          0.000000
   169 | [169, 173] |     0.104721 |          0.000000
   170 | [170, 174] |     0.042397 |          0.000000
   171 | [171, 175] |     0.000000 |          0.000000
   172 | [172, 176] |     0.000000 |          0.000000
   173 | [173, 177] |    -0.009872 |          0.000000
   174 | [174, 178] |    -0.002081 |          0.000000
   175 | [175, 179] |     0.000000 |          0.000000
   176 | [176, 180] |     0.000000 |          0.000000
   177 | [177, 181] |     0.000000 |          0.000000
   178 | [178, 182] |     0.000000 |          0.000000
   179 | [179, 183] |     0.000000 |          0.000000
   180 | [180, 184] |     0.000000 |          0.000000
   181 | [181, 185] |     0.005969 |          0.000000
   182 | [182, 186] |     0.000000 |          0.000000
   183 | [183, 187] |     0.030858 |          0.000000
   184 | [184, 188] |     0.009064 |          0.000000
   185 | [185, 189] |     0.058891 |          0.000000
   186 | [186, 190] |     0.061707 |          0.000000
   187 | [187, 191] |     0.022243 |          0.000000
   188 | [188, 192] |     0.052353 |          0.000000
   189 | [189, 193] |     0.037079 |          0.000000
   190 | [190, 194] |     0.000000 |          0.000000
   191 | [191, 195] |     0.000000 |          0.000000
   192 | [192, 196] |     0.000000 |          0.000000
